01 20 27 40 42 61 86 89 90 98
06 37 44 52 56 59 64 86 91 95
11 32 33 50 64 67 71 79 83 95
04 08 09 22 30 32 71 85 92 97
03 06 31 34 35 49 60 77 78 92
00 26 27 30 45 46 48 57 62 93
03 20 26 32 37 44 70 78 87 89
04 07 21 29 35 40 47 48 51 72
08 11 21 29 49 53 59 72 92 93
24 26 28 34 53 54 62 81 88 91
00 04 05 14 16 26 38 63 72 78
39 48 60 65 78 81 90 96 98 99
04 16 19 22 26 41 63 64 67 93
24 25 35 37 39 63 73 76 78 80
05 07 11 20 22 24 30 62 75 85
00 42 60 68 71 81 85 88 92 96
04 14 34 41 49 53 71 90 93 99
03 12 15 17 25 57 69 82 85 90
20 26 38 42 47 62 63 66 73 85
16 26 30 43 52 61 63 76 80 96
16 27 45 61 69 79 80 88 92 96
11 14 31 33 37 41 44 83 88 98
01 03 09 31 37 64 75 76 86 94
15 35 43 59 62 65 75 87 89 98
11 22 36 40 43 59 67 69 79 93
03 08 42 45 49 53 60 87 91 99
10 16 17 22 28 42 48 77 79 87
02 29 39 63 68 70 72 75 89 93
07 22 28 39 43 46 60 61 67 99
29 34 39 45 52 62 76 83 88 90
14 31 47 49 53 67 69 74 75 82
09 30 40 65 70 71 77 86 87 90
10 14 16 17 19 53 55 56 57 71
15 16 19 31 58 69 70 71 90 95
01 04 09 30 34 43 56 66 88 90
05 08 10 32 48 55 68 72 92 98
00 03 15 19 27 51 68 76 90 93
00 05 09 12 28 32 44 68 77 96
07 08 14 26 46 57 62 82 90 98
01 24 34 39 53 60 63 65 76 83
01 07 10 37 50 65 66 80 94 96
13 19 34 43 44 45 46 57 97 98
16 17 30 36 49 60 63 64 93 95
03 14 18 26 29 31 54 55 58 67
09 19 26 40 48 55 64 67 93 99
23 35 42 44 56 67 72 76 79 86
07 13 14 24 33 45 51 66 79 96
06 16 21 24 67 83 89 92 98 99
02 04 10 12 42 47 50 75 77 89
11 21 32 33 46 61 83 86 87 94
